***
    0.300000    0.250000    0.018810   13.290566      1000.0    0.002511    0.016300    0.000000
    0.300000    0.300000    0.019564   15.333906      1000.0    0.003265    0.016300    0.000000
    0.300000    0.350000    0.020647   16.951698      1000.0    0.004347    0.016300    0.000000
    0.300000    0.400000    0.022057   18.135103      1000.0    0.005757    0.016300    0.000000
    0.300000    0.450000    0.023787   18.917963      1000.0    0.007487    0.016300    0.000000
    0.300000    0.500000    0.025816   19.368089      1000.0    0.009516    0.016300    0.000000
    0.300000    0.550000    0.028003   19.640794      1000.0    0.011703    0.016300    0.000000
    0.300000    0.600000    0.030302   19.800684      1000.0    0.014002    0.016300    0.000000
    0.300000    0.650000    0.033585   19.353863      1000.0    0.017285    0.016300    0.000000
    0.300000    0.700000    0.037067   18.884913      1000.0    0.020767    0.016300    0.000000
    0.300000    0.750000    0.040978   18.302439      1000.0    0.024678    0.016300    0.000000
    0.300000    0.800000    0.045288   17.664849      1000.0    0.028988    0.016300    0.000000
    0.300000    0.850000    0.050155   16.947387      1000.0    0.033855    0.016300    0.000000
    0.300000    0.900000    0.055975   16.078695      1000.0    0.039675    0.016300    0.000000
    0.300000    0.950000    0.062551   15.187530      1000.0    0.046252    0.016300    0.000000
